variant_test_data,cal_test,class,statistic,p_value
_blurred_SD1,baseline3T-cal_dv1.5T-test,0,median_p,0.0006348221772374
_blurred_SD1,baseline3T-cal_dv1.5T-test,0,q25_p,2.372509248469423e-10
_blurred_SD1,baseline3T-cal_dv1.5T-test,0,q75_p,0.0283349604599836
_blurred_SD1,baseline3T-cal_dv1.5T-test,0,prop_sig,0.8
_blurred_SD1,baseline3T-cal_dv1.5T-test,0,binom_p,1.6102747621708613e-84
_blurred_SD1,baseline3T-cal_dv1.5T-test,0,fisher_p,0.0
_blurred_SD1,baseline3T-cal_dv1.5T-test,1,median_p,5.806504788046881e-57
_blurred_SD1,baseline3T-cal_dv1.5T-test,1,q25_p,3.6755003324919217e-73
_blurred_SD1,baseline3T-cal_dv1.5T-test,1,q75_p,9.594201594873834e-49
_blurred_SD1,baseline3T-cal_dv1.5T-test,1,prop_sig,1.0
_blurred_SD1,baseline3T-cal_dv1.5T-test,1,binom_p,7.888609052210162e-131
_blurred_SD1,baseline3T-cal_dv1.5T-test,1,fisher_p,0.0
_blurred_SD1,baseline3T-cal_dv3T-test,0,median_p,5.207550078460835e-07
_blurred_SD1,baseline3T-cal_dv3T-test,0,q25_p,2.461201995716301e-18
_blurred_SD1,baseline3T-cal_dv3T-test,0,q75_p,0.0013176348386217
_blurred_SD1,baseline3T-cal_dv3T-test,0,prop_sig,0.85
_blurred_SD1,baseline3T-cal_dv3T-test,0,binom_p,3.0620192489058983e-94
_blurred_SD1,baseline3T-cal_dv3T-test,0,fisher_p,0.0
_blurred_SD1,baseline3T-cal_dv3T-test,1,median_p,0.4129449772339645
_blurred_SD1,baseline3T-cal_dv3T-test,1,q25_p,0.0141566910562681
_blurred_SD1,baseline3T-cal_dv3T-test,1,q75_p,0.9501290585844148
_blurred_SD1,baseline3T-cal_dv3T-test,1,prop_sig,0.28
_blurred_SD1,baseline3T-cal_dv3T-test,1,binom_p,5.3271545045797865e-14
_blurred_SD1,baseline3T-cal_dv3T-test,1,fisher_p,0.0
_blurred_SD1,dv1.5T-cal_dv1.5T-test,0,median_p,0.311132184918326
_blurred_SD1,dv1.5T-cal_dv1.5T-test,0,q25_p,0.0005130493325792
_blurred_SD1,dv1.5T-cal_dv1.5T-test,0,q75_p,0.9919927012885504
_blurred_SD1,dv1.5T-cal_dv1.5T-test,0,prop_sig,0.42
_blurred_SD1,dv1.5T-cal_dv1.5T-test,0,binom_p,3.5297506607461823e-28
_blurred_SD1,dv1.5T-cal_dv1.5T-test,0,fisher_p,0.0
_blurred_SD1,dv1.5T-cal_dv1.5T-test,1,median_p,0.2778903399831409
_blurred_SD1,dv1.5T-cal_dv1.5T-test,1,q25_p,4.385221891369565e-06
_blurred_SD1,dv1.5T-cal_dv1.5T-test,1,q75_p,0.9916105557029632
_blurred_SD1,dv1.5T-cal_dv1.5T-test,1,prop_sig,0.42
_blurred_SD1,dv1.5T-cal_dv1.5T-test,1,binom_p,3.5297506607461823e-28
_blurred_SD1,dv1.5T-cal_dv1.5T-test,1,fisher_p,0.0
_blurred_SD1,dv3T-cal_dv3T-test,0,median_p,0.4589232739886321
_blurred_SD1,dv3T-cal_dv3T-test,0,q25_p,0.0005293396592405
_blurred_SD1,dv3T-cal_dv3T-test,0,q75_p,0.9951241204718144
_blurred_SD1,dv3T-cal_dv3T-test,0,prop_sig,0.35
_blurred_SD1,dv3T-cal_dv3T-test,0,binom_p,1.2548522073632051e-20
_blurred_SD1,dv3T-cal_dv3T-test,0,fisher_p,0.0
_blurred_SD1,dv3T-cal_dv3T-test,1,median_p,0.2018875990223694
_blurred_SD1,dv3T-cal_dv3T-test,1,q25_p,0.0024291276754626
_blurred_SD1,dv3T-cal_dv3T-test,1,q75_p,0.9464309712680584
_blurred_SD1,dv3T-cal_dv3T-test,1,prop_sig,0.35
_blurred_SD1,dv3T-cal_dv3T-test,1,binom_p,1.2548522073632051e-20
_blurred_SD1,dv3T-cal_dv3T-test,1,fisher_p,0.0
_blurred_SD2,baseline3T-cal_dv1.5T-test,0,median_p,5.9893623841129375e-164
_blurred_SD2,baseline3T-cal_dv1.5T-test,0,q25_p,7.416978456649471e-226
_blurred_SD2,baseline3T-cal_dv1.5T-test,0,q75_p,4.847996797866699e-145
_blurred_SD2,baseline3T-cal_dv1.5T-test,0,prop_sig,1.0
_blurred_SD2,baseline3T-cal_dv1.5T-test,0,binom_p,7.888609052210162e-131
_blurred_SD2,baseline3T-cal_dv1.5T-test,0,fisher_p,0.0
_blurred_SD2,baseline3T-cal_dv1.5T-test,1,median_p,1.5164290889997962e-42
_blurred_SD2,baseline3T-cal_dv1.5T-test,1,q25_p,1.1366464331967534e-55
_blurred_SD2,baseline3T-cal_dv1.5T-test,1,q75_p,8.299967042519754e-33
_blurred_SD2,baseline3T-cal_dv1.5T-test,1,prop_sig,1.0
_blurred_SD2,baseline3T-cal_dv1.5T-test,1,binom_p,7.888609052210162e-131
_blurred_SD2,baseline3T-cal_dv1.5T-test,1,fisher_p,0.0
_blurred_SD2,baseline3T-cal_dv3T-test,0,median_p,5.082016388071066e-173
_blurred_SD2,baseline3T-cal_dv3T-test,0,q25_p,2.521611598786533e-241
_blurred_SD2,baseline3T-cal_dv3T-test,0,q75_p,3.4300084657444684e-140
_blurred_SD2,baseline3T-cal_dv3T-test,0,prop_sig,1.0
_blurred_SD2,baseline3T-cal_dv3T-test,0,binom_p,7.888609052210162e-131
_blurred_SD2,baseline3T-cal_dv3T-test,0,fisher_p,0.0
_blurred_SD2,baseline3T-cal_dv3T-test,1,median_p,0.2862081225484946
_blurred_SD2,baseline3T-cal_dv3T-test,1,q25_p,0.0003504090390946
_blurred_SD2,baseline3T-cal_dv3T-test,1,q75_p,0.9395632825850964
_blurred_SD2,baseline3T-cal_dv3T-test,1,prop_sig,0.34
_blurred_SD2,baseline3T-cal_dv3T-test,1,binom_p,1.2702149390600738e-19
_blurred_SD2,baseline3T-cal_dv3T-test,1,fisher_p,0.0
_blurred_SD2,dv1.5T-cal_dv1.5T-test,0,median_p,0.3054224003507186
_blurred_SD2,dv1.5T-cal_dv1.5T-test,0,q25_p,6.945492431000675e-05
_blurred_SD2,dv1.5T-cal_dv1.5T-test,0,q75_p,0.982520733788201
_blurred_SD2,dv1.5T-cal_dv1.5T-test,0,prop_sig,0.42
_blurred_SD2,dv1.5T-cal_dv1.5T-test,0,binom_p,3.5297506607461823e-28
_blurred_SD2,dv1.5T-cal_dv1.5T-test,0,fisher_p,0.0
_blurred_SD2,dv1.5T-cal_dv1.5T-test,1,median_p,0.5239657382997949
_blurred_SD2,dv1.5T-cal_dv1.5T-test,1,q25_p,3.931825845908147e-06
_blurred_SD2,dv1.5T-cal_dv1.5T-test,1,q75_p,0.978869834984342
_blurred_SD2,dv1.5T-cal_dv1.5T-test,1,prop_sig,0.42
_blurred_SD2,dv1.5T-cal_dv1.5T-test,1,binom_p,3.5297506607461823e-28
_blurred_SD2,dv1.5T-cal_dv1.5T-test,1,fisher_p,0.0
_blurred_SD2,dv3T-cal_dv3T-test,0,median_p,0.2544471565903797
_blurred_SD2,dv3T-cal_dv3T-test,0,q25_p,0.0008235991600407
_blurred_SD2,dv3T-cal_dv3T-test,0,q75_p,0.9606882259943575
_blurred_SD2,dv3T-cal_dv3T-test,0,prop_sig,0.37
_blurred_SD2,dv3T-cal_dv3T-test,0,binom_p,1.0764600283749784e-22
_blurred_SD2,dv3T-cal_dv3T-test,0,fisher_p,0.0
_blurred_SD2,dv3T-cal_dv3T-test,1,median_p,0.2532266228595677
_blurred_SD2,dv3T-cal_dv3T-test,1,q25_p,0.0072351547212853
_blurred_SD2,dv3T-cal_dv3T-test,1,q75_p,0.9491017240156172
_blurred_SD2,dv3T-cal_dv3T-test,1,prop_sig,0.39
_blurred_SD2,dv3T-cal_dv3T-test,1,binom_p,7.7998882275203905e-25
_blurred_SD2,dv3T-cal_dv3T-test,1,fisher_p,0.0
_blurred_SD3,baseline3T-cal_dv1.5T-test,0,median_p,0.0
_blurred_SD3,baseline3T-cal_dv1.5T-test,0,q25_p,0.0
_blurred_SD3,baseline3T-cal_dv1.5T-test,0,q75_p,0.0
_blurred_SD3,baseline3T-cal_dv1.5T-test,0,prop_sig,1.0
_blurred_SD3,baseline3T-cal_dv1.5T-test,0,binom_p,7.888609052210162e-131
_blurred_SD3,baseline3T-cal_dv1.5T-test,0,fisher_p,0.0
_blurred_SD3,baseline3T-cal_dv1.5T-test,1,median_p,6.174391504299479e-22
_blurred_SD3,baseline3T-cal_dv1.5T-test,1,q25_p,2.5747665476598293e-34
_blurred_SD3,baseline3T-cal_dv1.5T-test,1,q75_p,8.47143729047887e-11
_blurred_SD3,baseline3T-cal_dv1.5T-test,1,prop_sig,0.99
_blurred_SD3,baseline3T-cal_dv1.5T-test,1,binom_p,1.499624580825152e-127
_blurred_SD3,baseline3T-cal_dv1.5T-test,1,fisher_p,0.0
_blurred_SD3,baseline3T-cal_dv3T-test,0,median_p,0.0
_blurred_SD3,baseline3T-cal_dv3T-test,0,q25_p,0.0
_blurred_SD3,baseline3T-cal_dv3T-test,0,q75_p,0.0
_blurred_SD3,baseline3T-cal_dv3T-test,0,prop_sig,1.0
_blurred_SD3,baseline3T-cal_dv3T-test,0,binom_p,7.888609052210162e-131
_blurred_SD3,baseline3T-cal_dv3T-test,0,fisher_p,0.0
_blurred_SD3,baseline3T-cal_dv3T-test,1,median_p,0.7431567745370262
_blurred_SD3,baseline3T-cal_dv3T-test,1,q25_p,0.0009481268988064
_blurred_SD3,baseline3T-cal_dv3T-test,1,q75_p,1.0
_blurred_SD3,baseline3T-cal_dv3T-test,1,prop_sig,0.29
_blurred_SD3,baseline3T-cal_dv3T-test,1,binom_p,6.913335547011718e-15
_blurred_SD3,baseline3T-cal_dv3T-test,1,fisher_p,0.0
_blurred_SD3,dv1.5T-cal_dv1.5T-test,0,median_p,0.3988655160431537
_blurred_SD3,dv1.5T-cal_dv1.5T-test,0,q25_p,0.0053402971464042
_blurred_SD3,dv1.5T-cal_dv1.5T-test,0,q75_p,0.9942949436214926
_blurred_SD3,dv1.5T-cal_dv1.5T-test,0,prop_sig,0.35
_blurred_SD3,dv1.5T-cal_dv1.5T-test,0,binom_p,1.2548522073632051e-20
_blurred_SD3,dv1.5T-cal_dv1.5T-test,0,fisher_p,0.0
_blurred_SD3,dv1.5T-cal_dv1.5T-test,1,median_p,0.2337114842759865
_blurred_SD3,dv1.5T-cal_dv1.5T-test,1,q25_p,9.951304606910977e-08
_blurred_SD3,dv1.5T-cal_dv1.5T-test,1,q75_p,0.9896511557868464
_blurred_SD3,dv1.5T-cal_dv1.5T-test,1,prop_sig,0.44
_blurred_SD3,dv1.5T-cal_dv1.5T-test,1,binom_p,1.6985333335100332e-30
_blurred_SD3,dv1.5T-cal_dv1.5T-test,1,fisher_p,0.0
_blurred_SD3,dv3T-cal_dv3T-test,0,median_p,0.3519837533163845
_blurred_SD3,dv3T-cal_dv3T-test,0,q25_p,0.0084641645987905
_blurred_SD3,dv3T-cal_dv3T-test,0,q75_p,0.9886326477317976
_blurred_SD3,dv3T-cal_dv3T-test,0,prop_sig,0.35
_blurred_SD3,dv3T-cal_dv3T-test,0,binom_p,1.2548522073632051e-20
_blurred_SD3,dv3T-cal_dv3T-test,0,fisher_p,0.0
_blurred_SD3,dv3T-cal_dv3T-test,1,median_p,0.260296608132789
_blurred_SD3,dv3T-cal_dv3T-test,1,q25_p,0.0034031293681397
_blurred_SD3,dv3T-cal_dv3T-test,1,q75_p,0.9783421170451078
_blurred_SD3,dv3T-cal_dv3T-test,1,prop_sig,0.37
_blurred_SD3,dv3T-cal_dv3T-test,1,binom_p,1.0764600283749784e-22
_blurred_SD3,dv3T-cal_dv3T-test,1,fisher_p,0.0
_blurred_SD4,baseline3T-cal_dv1.5T-test,0,median_p,0.0
_blurred_SD4,baseline3T-cal_dv1.5T-test,0,q25_p,0.0
_blurred_SD4,baseline3T-cal_dv1.5T-test,0,q75_p,0.0
_blurred_SD4,baseline3T-cal_dv1.5T-test,0,prop_sig,1.0
_blurred_SD4,baseline3T-cal_dv1.5T-test,0,binom_p,7.888609052210162e-131
_blurred_SD4,baseline3T-cal_dv1.5T-test,0,fisher_p,0.0
_blurred_SD4,baseline3T-cal_dv1.5T-test,1,median_p,0.0014544412748753
_blurred_SD4,baseline3T-cal_dv1.5T-test,1,q25_p,7.904471680630627e-12
_blurred_SD4,baseline3T-cal_dv1.5T-test,1,q75_p,0.8618760499661032
_blurred_SD4,baseline3T-cal_dv1.5T-test,1,prop_sig,0.58
_blurred_SD4,baseline3T-cal_dv1.5T-test,1,binom_p,1.1813087972716542e-48
_blurred_SD4,baseline3T-cal_dv1.5T-test,1,fisher_p,0.0
_blurred_SD4,baseline3T-cal_dv3T-test,0,median_p,0.0
_blurred_SD4,baseline3T-cal_dv3T-test,0,q25_p,0.0
_blurred_SD4,baseline3T-cal_dv3T-test,0,q75_p,0.0
_blurred_SD4,baseline3T-cal_dv3T-test,0,prop_sig,1.0
_blurred_SD4,baseline3T-cal_dv3T-test,0,binom_p,7.888609052210162e-131
_blurred_SD4,baseline3T-cal_dv3T-test,0,fisher_p,0.0
_blurred_SD4,baseline3T-cal_dv3T-test,1,median_p,1.0
_blurred_SD4,baseline3T-cal_dv3T-test,1,q25_p,0.9998845056417311
_blurred_SD4,baseline3T-cal_dv3T-test,1,q75_p,1.0
_blurred_SD4,baseline3T-cal_dv3T-test,1,prop_sig,0.21
_blurred_SD4,baseline3T-cal_dv3T-test,1,binom_p,2.0810607711067183e-08
_blurred_SD4,baseline3T-cal_dv3T-test,1,fisher_p,0.0
_blurred_SD4,dv1.5T-cal_dv1.5T-test,0,median_p,0.2585918543626861
_blurred_SD4,dv1.5T-cal_dv1.5T-test,0,q25_p,0.0039703094925735
_blurred_SD4,dv1.5T-cal_dv1.5T-test,0,q75_p,0.9923545510312458
_blurred_SD4,dv1.5T-cal_dv1.5T-test,0,prop_sig,0.38
_blurred_SD4,dv1.5T-cal_dv1.5T-test,0,binom_p,9.356496953871759e-24
_blurred_SD4,dv1.5T-cal_dv1.5T-test,0,fisher_p,0.0
_blurred_SD4,dv1.5T-cal_dv1.5T-test,1,median_p,0.2438586954074529
_blurred_SD4,dv1.5T-cal_dv1.5T-test,1,q25_p,2.160866343421441e-05
_blurred_SD4,dv1.5T-cal_dv1.5T-test,1,q75_p,0.9928378205030248
_blurred_SD4,dv1.5T-cal_dv1.5T-test,1,prop_sig,0.44
_blurred_SD4,dv1.5T-cal_dv1.5T-test,1,binom_p,1.6985333335100332e-30
_blurred_SD4,dv1.5T-cal_dv1.5T-test,1,fisher_p,0.0
_blurred_SD4,dv3T-cal_dv3T-test,0,median_p,0.4177643301531464
_blurred_SD4,dv3T-cal_dv3T-test,0,q25_p,0.0075606256264569
_blurred_SD4,dv3T-cal_dv3T-test,0,q75_p,0.962965429435056
_blurred_SD4,dv3T-cal_dv3T-test,0,prop_sig,0.28
_blurred_SD4,dv3T-cal_dv3T-test,0,binom_p,5.3271545045797865e-14
_blurred_SD4,dv3T-cal_dv3T-test,0,fisher_p,0.0
_blurred_SD4,dv3T-cal_dv3T-test,1,median_p,0.4854576423211234
_blurred_SD4,dv3T-cal_dv3T-test,1,q25_p,0.0021997617033604
_blurred_SD4,dv3T-cal_dv3T-test,1,q75_p,0.9548015740676168
_blurred_SD4,dv3T-cal_dv3T-test,1,prop_sig,0.38
_blurred_SD4,dv3T-cal_dv3T-test,1,binom_p,9.356496953871759e-24
_blurred_SD4,dv3T-cal_dv3T-test,1,fisher_p,0.0
_contrast_adapthisteq,baseline3T-cal_dv1.5T-test,0,median_p,8.500832674965283e-29
_contrast_adapthisteq,baseline3T-cal_dv1.5T-test,0,q25_p,9.00384783095713e-43
_contrast_adapthisteq,baseline3T-cal_dv1.5T-test,0,q75_p,1.5759049449375253e-23
_contrast_adapthisteq,baseline3T-cal_dv1.5T-test,0,prop_sig,1.0
_contrast_adapthisteq,baseline3T-cal_dv1.5T-test,0,binom_p,7.888609052210162e-131
_contrast_adapthisteq,baseline3T-cal_dv1.5T-test,0,fisher_p,0.0
_contrast_adapthisteq,baseline3T-cal_dv1.5T-test,1,median_p,1.4146786277679584e-67
_contrast_adapthisteq,baseline3T-cal_dv1.5T-test,1,q25_p,3.3215715839899744e-87
_contrast_adapthisteq,baseline3T-cal_dv1.5T-test,1,q75_p,2.5991453829958937e-59
_contrast_adapthisteq,baseline3T-cal_dv1.5T-test,1,prop_sig,1.0
_contrast_adapthisteq,baseline3T-cal_dv1.5T-test,1,binom_p,7.888609052210162e-131
_contrast_adapthisteq,baseline3T-cal_dv1.5T-test,1,fisher_p,0.0
_contrast_adapthisteq,baseline3T-cal_dv3T-test,0,median_p,7.234814254363544e-41
_contrast_adapthisteq,baseline3T-cal_dv3T-test,0,q25_p,6.7351192164046875e-62
_contrast_adapthisteq,baseline3T-cal_dv3T-test,0,q75_p,4.1023444940714936e-31
_contrast_adapthisteq,baseline3T-cal_dv3T-test,0,prop_sig,1.0
_contrast_adapthisteq,baseline3T-cal_dv3T-test,0,binom_p,7.888609052210162e-131
_contrast_adapthisteq,baseline3T-cal_dv3T-test,0,fisher_p,0.0
_contrast_adapthisteq,baseline3T-cal_dv3T-test,1,median_p,0.9999999998435458
_contrast_adapthisteq,baseline3T-cal_dv3T-test,1,q25_p,0.9999997092575208
_contrast_adapthisteq,baseline3T-cal_dv3T-test,1,q75_p,1.0
_contrast_adapthisteq,baseline3T-cal_dv3T-test,1,prop_sig,0.01
_contrast_adapthisteq,baseline3T-cal_dv3T-test,1,binom_p,0.994079470779666
_contrast_adapthisteq,baseline3T-cal_dv3T-test,1,fisher_p,1.0
_contrast_adapthisteq,dv1.5T-cal_dv1.5T-test,0,median_p,0.3855114394475788
_contrast_adapthisteq,dv1.5T-cal_dv1.5T-test,0,q25_p,0.0060283941518355
_contrast_adapthisteq,dv1.5T-cal_dv1.5T-test,0,q75_p,0.9132428397246496
_contrast_adapthisteq,dv1.5T-cal_dv1.5T-test,0,prop_sig,0.33
_contrast_adapthisteq,dv1.5T-cal_dv1.5T-test,0,binom_p,1.2307459685883105e-18
_contrast_adapthisteq,dv1.5T-cal_dv1.5T-test,0,fisher_p,0.0
_contrast_adapthisteq,dv1.5T-cal_dv1.5T-test,1,median_p,0.3388412582221876
_contrast_adapthisteq,dv1.5T-cal_dv1.5T-test,1,q25_p,0.0003324617764145
_contrast_adapthisteq,dv1.5T-cal_dv1.5T-test,1,q75_p,0.975127800103216
_contrast_adapthisteq,dv1.5T-cal_dv1.5T-test,1,prop_sig,0.38
_contrast_adapthisteq,dv1.5T-cal_dv1.5T-test,1,binom_p,9.356496953871759e-24
_contrast_adapthisteq,dv1.5T-cal_dv1.5T-test,1,fisher_p,0.0
_contrast_adapthisteq,dv3T-cal_dv3T-test,0,median_p,0.3816803360654517
_contrast_adapthisteq,dv3T-cal_dv3T-test,0,q25_p,0.0200779155225219
_contrast_adapthisteq,dv3T-cal_dv3T-test,0,q75_p,0.9709807319182224
_contrast_adapthisteq,dv3T-cal_dv3T-test,0,prop_sig,0.34
_contrast_adapthisteq,dv3T-cal_dv3T-test,0,binom_p,1.2702149390600738e-19
_contrast_adapthisteq,dv3T-cal_dv3T-test,0,fisher_p,0.0
_contrast_adapthisteq,dv3T-cal_dv3T-test,1,median_p,0.3491803123555907
_contrast_adapthisteq,dv3T-cal_dv3T-test,1,q25_p,0.0247998793505447
_contrast_adapthisteq,dv3T-cal_dv3T-test,1,q75_p,0.9179881967442626
_contrast_adapthisteq,dv3T-cal_dv3T-test,1,prop_sig,0.29
_contrast_adapthisteq,dv3T-cal_dv3T-test,1,binom_p,6.913335547011718e-15
_contrast_adapthisteq,dv3T-cal_dv3T-test,1,fisher_p,0.0
_contrast_histeq,baseline3T-cal_dv1.5T-test,0,median_p,0.0
_contrast_histeq,baseline3T-cal_dv1.5T-test,0,q25_p,0.0
_contrast_histeq,baseline3T-cal_dv1.5T-test,0,q75_p,0.0
_contrast_histeq,baseline3T-cal_dv1.5T-test,0,prop_sig,1.0
_contrast_histeq,baseline3T-cal_dv1.5T-test,0,binom_p,7.888609052210162e-131
_contrast_histeq,baseline3T-cal_dv1.5T-test,0,fisher_p,0.0
_contrast_histeq,baseline3T-cal_dv1.5T-test,1,median_p,3.883525282865488e-14
_contrast_histeq,baseline3T-cal_dv1.5T-test,1,q25_p,5.384770821347347e-25
_contrast_histeq,baseline3T-cal_dv1.5T-test,1,q75_p,1.5508420686901028e-08
_contrast_histeq,baseline3T-cal_dv1.5T-test,1,prop_sig,0.99
_contrast_histeq,baseline3T-cal_dv1.5T-test,1,binom_p,1.499624580825152e-127
_contrast_histeq,baseline3T-cal_dv1.5T-test,1,fisher_p,0.0
_contrast_histeq,baseline3T-cal_dv3T-test,0,median_p,0.0
_contrast_histeq,baseline3T-cal_dv3T-test,0,q25_p,0.0
_contrast_histeq,baseline3T-cal_dv3T-test,0,q75_p,0.0
_contrast_histeq,baseline3T-cal_dv3T-test,0,prop_sig,1.0
_contrast_histeq,baseline3T-cal_dv3T-test,0,binom_p,7.888609052210162e-131
_contrast_histeq,baseline3T-cal_dv3T-test,0,fisher_p,0.0
_contrast_histeq,baseline3T-cal_dv3T-test,1,median_p,1.0
_contrast_histeq,baseline3T-cal_dv3T-test,1,q25_p,1.0
_contrast_histeq,baseline3T-cal_dv3T-test,1,q75_p,1.0
_contrast_histeq,baseline3T-cal_dv3T-test,1,prop_sig,0.0
_contrast_histeq,baseline3T-cal_dv3T-test,1,binom_p,1.0
_contrast_histeq,baseline3T-cal_dv3T-test,1,fisher_p,1.0
_contrast_histeq,dv1.5T-cal_dv1.5T-test,0,median_p,0.3818832482477436
_contrast_histeq,dv1.5T-cal_dv1.5T-test,0,q25_p,0.0002109234985081
_contrast_histeq,dv1.5T-cal_dv1.5T-test,0,q75_p,0.9946550734804528
_contrast_histeq,dv1.5T-cal_dv1.5T-test,0,prop_sig,0.39
_contrast_histeq,dv1.5T-cal_dv1.5T-test,0,binom_p,7.7998882275203905e-25
_contrast_histeq,dv1.5T-cal_dv1.5T-test,0,fisher_p,0.0
_contrast_histeq,dv1.5T-cal_dv1.5T-test,1,median_p,0.2062420587384888
_contrast_histeq,dv1.5T-cal_dv1.5T-test,1,q25_p,0.0003178495816837
_contrast_histeq,dv1.5T-cal_dv1.5T-test,1,q75_p,0.9707275581872004
_contrast_histeq,dv1.5T-cal_dv1.5T-test,1,prop_sig,0.41
_contrast_histeq,dv1.5T-cal_dv1.5T-test,1,binom_p,4.789204721185276e-27
_contrast_histeq,dv1.5T-cal_dv1.5T-test,1,fisher_p,0.0
_contrast_histeq,dv3T-cal_dv3T-test,0,median_p,0.4407159907488727
_contrast_histeq,dv3T-cal_dv3T-test,0,q25_p,0.0070104099543006
_contrast_histeq,dv3T-cal_dv3T-test,0,q75_p,0.9874987782885872
_contrast_histeq,dv3T-cal_dv3T-test,0,prop_sig,0.33
_contrast_histeq,dv3T-cal_dv3T-test,0,binom_p,1.2307459685883105e-18
_contrast_histeq,dv3T-cal_dv3T-test,0,fisher_p,0.0
_contrast_histeq,dv3T-cal_dv3T-test,1,median_p,0.3165798934478677
_contrast_histeq,dv3T-cal_dv3T-test,1,q25_p,0.0005254282446529
_contrast_histeq,dv3T-cal_dv3T-test,1,q75_p,0.97489385075766
_contrast_histeq,dv3T-cal_dv3T-test,1,prop_sig,0.4
_contrast_histeq,dv3T-cal_dv3T-test,1,binom_p,6.238625307670539e-26
_contrast_histeq,dv3T-cal_dv3T-test,1,fisher_p,0.0
_contrast_imadjust,baseline3T-cal_dv1.5T-test,0,median_p,4.7366826537960966e-07
_contrast_imadjust,baseline3T-cal_dv1.5T-test,0,q25_p,2.0420567663899235e-12
_contrast_imadjust,baseline3T-cal_dv1.5T-test,0,q75_p,5.427057437177582e-05
_contrast_imadjust,baseline3T-cal_dv1.5T-test,0,prop_sig,0.97
_contrast_imadjust,baseline3T-cal_dv1.5T-test,0,binom_p,8.763370212580659e-122
_contrast_imadjust,baseline3T-cal_dv1.5T-test,0,fisher_p,0.0
_contrast_imadjust,baseline3T-cal_dv1.5T-test,1,median_p,1.7933502198188812e-57
_contrast_imadjust,baseline3T-cal_dv1.5T-test,1,q25_p,1.7720371850791993e-71
_contrast_imadjust,baseline3T-cal_dv1.5T-test,1,q75_p,1.5655027654119675e-48
_contrast_imadjust,baseline3T-cal_dv1.5T-test,1,prop_sig,1.0
_contrast_imadjust,baseline3T-cal_dv1.5T-test,1,binom_p,7.888609052210162e-131
_contrast_imadjust,baseline3T-cal_dv1.5T-test,1,fisher_p,0.0
_contrast_imadjust,baseline3T-cal_dv3T-test,0,median_p,3.09474356670227e-16
_contrast_imadjust,baseline3T-cal_dv3T-test,0,q25_p,3.4630808416262194e-26
_contrast_imadjust,baseline3T-cal_dv3T-test,0,q75_p,8.587214657329696e-11
_contrast_imadjust,baseline3T-cal_dv3T-test,0,prop_sig,0.99
_contrast_imadjust,baseline3T-cal_dv3T-test,0,binom_p,1.499624580825152e-127
_contrast_imadjust,baseline3T-cal_dv3T-test,0,fisher_p,0.0
_contrast_imadjust,baseline3T-cal_dv3T-test,1,median_p,0.9999999727994776
_contrast_imadjust,baseline3T-cal_dv3T-test,1,q25_p,0.9867166264950136
_contrast_imadjust,baseline3T-cal_dv3T-test,1,q75_p,1.0
_contrast_imadjust,baseline3T-cal_dv3T-test,1,prop_sig,0.06
_contrast_imadjust,baseline3T-cal_dv3T-test,1,binom_p,0.3840008720438586
_contrast_imadjust,baseline3T-cal_dv3T-test,1,fisher_p,0.9980323365270748
_contrast_imadjust,dv1.5T-cal_dv1.5T-test,0,median_p,0.3580899020604542
_contrast_imadjust,dv1.5T-cal_dv1.5T-test,0,q25_p,0.0003216248338036
_contrast_imadjust,dv1.5T-cal_dv1.5T-test,0,q75_p,0.9945885304144376
_contrast_imadjust,dv1.5T-cal_dv1.5T-test,0,prop_sig,0.37
_contrast_imadjust,dv1.5T-cal_dv1.5T-test,0,binom_p,1.0764600283749784e-22
_contrast_imadjust,dv1.5T-cal_dv1.5T-test,0,fisher_p,0.0
_contrast_imadjust,dv1.5T-cal_dv1.5T-test,1,median_p,0.278565021609747
_contrast_imadjust,dv1.5T-cal_dv1.5T-test,1,q25_p,4.5532088485951006e-06
_contrast_imadjust,dv1.5T-cal_dv1.5T-test,1,q75_p,0.9865970064025864
_contrast_imadjust,dv1.5T-cal_dv1.5T-test,1,prop_sig,0.4
_contrast_imadjust,dv1.5T-cal_dv1.5T-test,1,binom_p,6.238625307670539e-26
_contrast_imadjust,dv1.5T-cal_dv1.5T-test,1,fisher_p,0.0
_contrast_imadjust,dv3T-cal_dv3T-test,0,median_p,0.4857488306914708
_contrast_imadjust,dv3T-cal_dv3T-test,0,q25_p,0.00800717452946
_contrast_imadjust,dv3T-cal_dv3T-test,0,q75_p,0.9964362660085364
_contrast_imadjust,dv3T-cal_dv3T-test,0,prop_sig,0.38
_contrast_imadjust,dv3T-cal_dv3T-test,0,binom_p,9.356496953871759e-24
_contrast_imadjust,dv3T-cal_dv3T-test,0,fisher_p,0.0
_contrast_imadjust,dv3T-cal_dv3T-test,1,median_p,0.2611103590001672
_contrast_imadjust,dv3T-cal_dv3T-test,1,q25_p,0.002102863939971
_contrast_imadjust,dv3T-cal_dv3T-test,1,q75_p,0.962224444360224
_contrast_imadjust,dv3T-cal_dv3T-test,1,prop_sig,0.41
_contrast_imadjust,dv3T-cal_dv3T-test,1,binom_p,4.789204721185276e-27
_contrast_imadjust,dv3T-cal_dv3T-test,1,fisher_p,0.0
baseline,baseline3T-cal_dv1.5T-test,0,median_p,0.9840420708180077
baseline,baseline3T-cal_dv1.5T-test,0,q25_p,0.2164602461685675
baseline,baseline3T-cal_dv1.5T-test,0,q75_p,0.999529887538284
baseline,baseline3T-cal_dv1.5T-test,0,prop_sig,0.19
baseline,baseline3T-cal_dv1.5T-test,0,binom_p,5.01268942428067e-07
baseline,baseline3T-cal_dv1.5T-test,0,fisher_p,1.3711140334216054e-08
baseline,baseline3T-cal_dv1.5T-test,1,median_p,8.53658145595792e-61
baseline,baseline3T-cal_dv1.5T-test,1,q25_p,1.3816114144183355e-76
baseline,baseline3T-cal_dv1.5T-test,1,q75_p,4.450830667548104e-52
baseline,baseline3T-cal_dv1.5T-test,1,prop_sig,1.0
baseline,baseline3T-cal_dv1.5T-test,1,binom_p,7.888609052210162e-131
baseline,baseline3T-cal_dv1.5T-test,1,fisher_p,0.0
baseline,baseline3T-cal_dv3T-test,0,median_p,0.5346345414567097
baseline,baseline3T-cal_dv3T-test,0,q25_p,0.0003821302808704
baseline,baseline3T-cal_dv3T-test,0,q75_p,0.982266368543763
baseline,baseline3T-cal_dv3T-test,0,prop_sig,0.34
baseline,baseline3T-cal_dv3T-test,0,binom_p,1.2702149390600738e-19
baseline,baseline3T-cal_dv3T-test,0,fisher_p,0.0
baseline,baseline3T-cal_dv3T-test,1,median_p,0.1863949795411341
baseline,baseline3T-cal_dv3T-test,1,q25_p,0.0003711229064878
baseline,baseline3T-cal_dv3T-test,1,q75_p,0.9779536538417372
baseline,baseline3T-cal_dv3T-test,1,prop_sig,0.4
baseline,baseline3T-cal_dv3T-test,1,binom_p,6.238625307670539e-26
baseline,baseline3T-cal_dv3T-test,1,fisher_p,0.0
baseline,dv1.5T-cal_dv1.5T-test,0,median_p,0.4119078558067842
baseline,dv1.5T-cal_dv1.5T-test,0,q25_p,0.000489624075163
baseline,dv1.5T-cal_dv1.5T-test,0,q75_p,0.9979742410790866
baseline,dv1.5T-cal_dv1.5T-test,0,prop_sig,0.39
baseline,dv1.5T-cal_dv1.5T-test,0,binom_p,7.7998882275203905e-25
baseline,dv1.5T-cal_dv1.5T-test,0,fisher_p,0.0
baseline,dv1.5T-cal_dv1.5T-test,1,median_p,0.2282045265938181
baseline,dv1.5T-cal_dv1.5T-test,1,q25_p,1.2163155854933467e-06
baseline,dv1.5T-cal_dv1.5T-test,1,q75_p,0.9873749203232248
baseline,dv1.5T-cal_dv1.5T-test,1,prop_sig,0.46
baseline,dv1.5T-cal_dv1.5T-test,1,binom_p,6.963551147342128e-33
baseline,dv1.5T-cal_dv1.5T-test,1,fisher_p,0.0
baseline,dv3T-cal_dv3T-test,0,median_p,0.5346345414567097
baseline,dv3T-cal_dv3T-test,0,q25_p,0.0003821302808704
baseline,dv3T-cal_dv3T-test,0,q75_p,0.982266368543763
baseline,dv3T-cal_dv3T-test,0,prop_sig,0.34
baseline,dv3T-cal_dv3T-test,0,binom_p,1.2702149390600738e-19
baseline,dv3T-cal_dv3T-test,0,fisher_p,0.0
baseline,dv3T-cal_dv3T-test,1,median_p,0.1863949795411341
baseline,dv3T-cal_dv3T-test,1,q25_p,0.0003711229064878
baseline,dv3T-cal_dv3T-test,1,q75_p,0.9779536538417372
baseline,dv3T-cal_dv3T-test,1,prop_sig,0.4
baseline,dv3T-cal_dv3T-test,1,binom_p,6.238625307670539e-26
baseline,dv3T-cal_dv3T-test,1,fisher_p,0.0
